%YAML:1.0
image_width: 5152
image_height: 3888
camera_matrix: !!opencv-matrix
   rows: 3
   cols: 3
   dt: d
   data: [ 4.3420066533004447e+03, 0., 2.5801193455628713e+03, 0.,
       4.3543196709066724e+03, 1.9062571227619333e+03, 0., 0., 1. ]
distortion_coefficients: !!opencv-matrix
   rows: 1
   cols: 5
   dt: d
   data: [ -1.4819677823027426e-02, 1.9068066457464100e-01,
       1.0372438348930555e-03, -8.7513602691478604e-04,
       -1.7982701608322255e-01 ]
